[[ 0.74    0.7316  0.7256  0.7437  0.731 ]
 [ 0.7381  0.7288  0.7236  0.7415  0.7269]
 [ 0.734   0.7265  0.7209  0.738   0.7225]
 [ 0.7309  0.7247  0.719   0.7359  0.72  ]
 [ 0.7288  0.7221  0.716   0.7341  0.7185]
 [ 0.7269  0.7193  0.7114  0.7319  0.7156]
 [ 0.724   0.7135  0.7085  0.7273  0.7112]] 原始

[[ 0.8651  0.8688  0.8696  0.8644  0.8703]
 [ 0.862   0.8669  0.8668  0.8622  0.8673]
 [ 0.8586  0.864   0.8611  0.8588  0.8643]
 [ 0.8558  0.8608  0.8588  0.8561  0.862 ]
 [ 0.8529  0.8571  0.8569  0.8531  0.8598]
 [ 0.8502  0.8539  0.8518  0.8481  0.8555]
 [ 0.8437  0.8477  0.8452  0.8427  0.8511]] 40000维 加特征抽取

[[ 0.871   0.8675  0.8647  0.8675  0.8618]
 [ 0.8664  0.8652  0.8635  0.8628  0.8594]
 [ 0.8623  0.8627  0.8608  0.8583  0.8562]
 [ 0.8588  0.8618  0.8593  0.8546  0.8535]
 [ 0.856   0.8587  0.857   0.8504  0.8502]
 [ 0.8513  0.8553  0.8525  0.8459  0.845 ]
 [ 0.8453  0.8507  0.8459  0.8416  0.8375]] 20000维 加特征抽取

[[ 0.8877  0.8942  0.8913  0.8905  0.8888]
 [ 0.8877  0.8942  0.8913  0.8906  0.8887]
 [ 0.8876  0.8942  0.8912  0.8908  0.8889]
 [ 0.8878  0.8945  0.891   0.8905  0.8889]
 [ 0.8881  0.8944  0.8912  0.8904  0.889 ]
 [ 0.888   0.8942  0.8913  0.8906  0.8891]
 [ 0.8881  0.8947  0.8913  0.8914  0.8887]
 [ 0.8877  0.8962  0.8919  0.893   0.8882]
 [ 0.8843  0.8881  0.8882  0.8901  0.883 ]
 [ 0.8678  0.8688  0.8679  0.8719  0.866 ]
 [ 0.8522  0.8539  0.8539  0.8553  0.852 ]] 20000维 加特征抽取

0 1 0 0.8252
0 1 1 0.8437
0 1 2 0.7681
0 1 3 0.8106
0 1 4 0.8435
0.0829217483721 1 0 0.8286
0.0829217483721 1 1 0.8517
0.0829217483721 1 2 0.776
0.0829217483721 1 3 0.8177
0.0829217483721 1 4 0.8509
0.829217483721 1 0 0.8063
0.829217483721 1 1 0.8333
0.829217483721 1 2 0.7357
0.829217483721 1 3 0.7658
0.829217483721 1 4 0.8459

0 10 0 0.8246
0 10 1 0.8443
0 10 2 0.7699
0 10 3 0.8114
0 10 4 0.8433
0.0829217483721 10 0 0.8342
0.0829217483721 10 1 0.8538
0.0829217483721 10 2 0.7855
0.0829217483721 10 3 0.8225
0.0829217483721 10 4 0.855
0.829217483721 10 0 0.8047
0.829217483721 10 1 0.8278
0.829217483721 10 2 0.7265
0.829217483721 10 3 0.7689
0.829217483721 10 4 0.834
